R[1]	1	3000
R[2]	3001	6000
R[3]	6001	9000
R[4]	9001	12000
R[5]	12001	15000
R[6]	15001	18000
R[7]	18001	21000
R[8]	21001	24000
R[9]	24001	27000
R[10]	27001	30000
R[11]	30001	33000
R[12]	33001	36000
R[13]	36001	39000
R[14]	39001	42000
R[15]	42001	45000
R[16]	45001	48000
R[17]	48001	51000
R[18]	51001	54000
R[19]	54001	57000
R[20]	57001	60000
R[21]	60001	63000
R[22]	63001	66000
R[23]	66001	69000
R[24]	69001	72000
R[25]	72001	75000
R[26]	75001	78000
R[27]	78001	81000
R[28]	81001	84000
R[29]	84001	87000
R[30]	87001	90000
R[31]	90001	93000
R[32]	93001	96000
R[33]	96001	99000
R[34]	99001	102000
R[35]	102001	105000
R[36]	105001	108000
R[37]	108001	111000
R[38]	111001	114000
R[39]	114001	117000
R[40]	117001	120000
R[41]	120001	123000
R[42]	123001	126000
R[43]	126001	129000
R[44]	129001	132000
R[45]	132001	135000
R[46]	135001	138000
R[47]	138001	141000
R[48]	141001	144000
R[49]	144001	147000
R[50]	147001	150000
R[51]	150001	153000
R[52]	153001	156000
R[53]	156001	159000
R[54]	159001	162000
R[55]	162001	165000
R[56]	165001	168000
R[57]	168001	171000
R[58]	171001	174000
R[59]	174001	177000
R[60]	177001	180000
R[61]	180001	183000
R[62]	183001	186000
R[63]	186001	189000
R[64]	189001	192000
R[65]	192001	195000
R[66]	195001	198000
R[67]	198001	201000
R[68]	201001	204000
R[69]	204001	207000
R[70]	207001	210000
R[71]	210001	213000
R[72]	213001	216000
R[73]	216001	219000
R[74]	219001	222000
R[75]	222001	225000
R[76]	225001	228000
R[77]	228001	231000
R[78]	231001	234000
R[79]	234001	237000
R[80]	237001	240000
R[81]	240001	243000
R[82]	243001	246000
R[83]	246001	249000
R[84]	249001	252000
R[85]	252001	255000
R[86]	255001	258000
R[87]	258001	261000
R[88]	261001	264000
R[89]	264001	267000
R[90]	267001	270000
R[91]	270001	273000
R[92]	273001	276000
R[93]	276001	279000
R[94]	279001	282000
R[95]	282001	285000
R[96]	285001	288000
R[97]	288001	291000
R[98]	291001	294000
R[99]	294001	297000
R[100]	297001	300000
R[101]	300001	303000
R[102]	303001	306000
R[103]	306001	309000
R[104]	309001	312000
R[105]	312001	315000
R[106]	315001	318000
R[107]	318001	321000
R[108]	321001	324000
R[109]	324001	327000
R[110]	327001	330000
R[111]	330001	333000
R[112]	333001	336000
R[113]	336001	339000
R[114]	339001	342000
R[115]	342001	345000
R[116]	345001	348000
R[117]	348001	351000
R[118]	351001	354000
R[119]	354001	357000
R[120]	357001	360000
R[121]	360001	363000
R[122]	363001	366000
R[123]	366001	369000
R[124]	369001	372000
R[125]	372001	375000
R[126]	375001	378000
R[127]	378001	381000
R[128]	381001	384000
R[129]	384001	387000
R[130]	387001	390000
R[131]	390001	393000
R[132]	393001	396000
R[133]	396001	399000
R[134]	399001	402000
R[135]	402001	405000
R[136]	405001	408000
R[137]	408001	411000
R[138]	411001	414000
R[139]	414001	417000
R[140]	417001	420000
R[141]	420001	423000
R[142]	423001	426000
R[143]	426001	429000
R[144]	429001	432000
R[145]	432001	435000
R[146]	435001	438000
R[147]	438001	441000
R[148]	441001	444000
R[149]	444001	447000
R[150]	447001	450000
R[151]	450001	453000
R[152]	453001	456000
R[153]	456001	459000
R[154]	459001	462000
R[155]	462001	465000
R[156]	465001	468000
R[157]	468001	471000
R[158]	471001	474000
R[159]	474001	477000
R[160]	477001	480000
R[161]	480001	483000
R[162]	483001	486000
R[163]	486001	489000
R[164]	489001	492000
R[165]	492001	495000
R[166]	495001	498000
R[167]	498001	501000
R[168]	501001	504000
R[169]	504001	507000
R[170]	507001	510000
R[171]	510001	513000
R[172]	513001	516000
R[173]	516001	519000
R[174]	519001	522000
R[175]	522001	525000
R[176]	525001	528000
R[177]	528001	531000
R[178]	531001	534000
R[179]	534001	537000
R[180]	537001	540000
R[181]	540001	543000
R[182]	543001	546000
R[183]	546001	549000
R[184]	549001	552000
R[185]	552001	555000
R[186]	555001	558000
R[187]	558001	561000
R[188]	561001	564000
R[189]	564001	567000
R[190]	567001	570000
R[191]	570001	573000
R[192]	573001	576000
R[193]	576001	579000
R[194]	579001	582000
R[195]	582001	585000
R[196]	585001	588000
R[197]	588001	591000
R[198]	591001	594000
R[199]	594001	597000
R[200]	597001	600000
R[201]	600001	603000
R[202]	603001	606000
R[203]	606001	609000
R[204]	609001	612000
R[205]	612001	615000
R[206]	615001	618000
R[207]	618001	621000
R[208]	621001	624000
R[209]	624001	627000
R[210]	627001	630000
R[211]	630001	633000
R[212]	633001	636000
R[213]	636001	639000
R[214]	639001	642000
R[215]	642001	645000
R[216]	645001	648000
R[217]	648001	651000
R[218]	651001	654000
R[219]	654001	657000
R[220]	657001	660000
R[221]	660001	663000
R[222]	663001	666000
R[223]	666001	669000
R[224]	669001	672000
R[225]	672001	675000
R[226]	675001	678000
R[227]	678001	681000
R[228]	681001	684000
R[229]	684001	687000
R[230]	687001	690000
R[231]	690001	693000
R[232]	693001	696000
R[233]	696001	699000
R[234]	699001	702000
R[235]	702001	705000
R[236]	705001	708000
R[237]	708001	711000
R[238]	711001	714000
R[239]	714001	717000
R[240]	717001	720000
R[241]	720001	723000
R[242]	723001	726000
R[243]	726001	729000
R[244]	729001	732000
R[245]	732001	735000
R[246]	735001	738000
R[247]	738001	741000
R[248]	741001	744000
R[249]	744001	747000
R[250]	747001	750000
R[251]	750001	753000
R[252]	753001	756000
R[253]	756001	759000
R[254]	759001	762000
R[255]	762001	765000
R[256]	765001	768000
R[257]	768001	771000
R[258]	771001	774000
R[259]	774001	777000
R[260]	777001	780000
R[261]	780001	783000
R[262]	783001	786000
R[263]	786001	789000
R[264]	789001	792000
R[265]	792001	795000
R[266]	795001	798000
R[267]	798001	801000
R[268]	801001	804000
R[269]	804001	807000
R[270]	807001	810000
R[271]	810001	813000
R[272]	813001	816000
R[273]	816001	819000
R[274]	819001	822000
R[275]	822001	825000
R[276]	825001	828000
R[277]	828001	831000
R[278]	831001	834000
R[279]	834001	837000
R[280]	837001	840000
R[281]	840001	843000
R[282]	843001	846000
R[283]	846001	849000
R[284]	849001	852000
R[285]	852001	855000
R[286]	855001	858000
R[287]	858001	861000
R[288]	861001	864000
R[289]	864001	867000
R[290]	867001	870000
R[291]	870001	873000
R[292]	873001	876000
R[293]	876001	879000
R[294]	879001	882000
R[295]	882001	885000
R[296]	885001	888000
R[297]	888001	891000
R[298]	891001	894000
R[299]	894001	897000
R[300]	897001	900000
R[301]	900001	903000
R[302]	903001	906000
R[303]	906001	909000
R[304]	909001	912000
R[305]	912001	915000
R[306]	915001	918000
R[307]	918001	921000
R[308]	921001	924000
R[309]	924001	927000
R[310]	927001	930000
R[311]	930001	933000
R[312]	933001	936000
R[313]	936001	939000
R[314]	939001	942000
R[315]	942001	945000
R[316]	945001	948000
R[317]	948001	951000
R[318]	951001	954000
R[319]	954001	957000
R[320]	957001	960000
R[321]	960001	963000
R[322]	963001	966000
R[323]	966001	969000
R[324]	969001	972000
R[325]	972001	975000
R[326]	975001	978000
R[327]	978001	981000
R[328]	981001	984000
R[329]	984001	987000
R[330]	987001	990000
R[331]	990001	993000
R[332]	993001	996000
R[333]	996001	999000
R[334]	999001	1002000
R[335]	1002001	1005000
R[336]	1005001	1008000
R[337]	1008001	1011000
R[338]	1011001	1014000
R[339]	1014001	1017000
R[340]	1017001	1020000
R[341]	1020001	1023000
R[342]	1023001	1026000
R[343]	1026001	1029000
R[344]	1029001	1032000
R[345]	1032001	1035000
R[346]	1035001	1038000
R[347]	1038001	1041000
R[348]	1041001	1044000
R[349]	1044001	1047000
R[350]	1047001	1050000
R[351]	1050001	1053000
R[352]	1053001	1056000
R[353]	1056001	1059000
R[354]	1059001	1062000
R[355]	1062001	1065000
R[356]	1065001	1068000
R[357]	1068001	1071000
R[358]	1071001	1074000
R[359]	1074001	1077000
R[360]	1077001	1080000
R[361]	1080001	1083000
R[362]	1083001	1086000
R[363]	1086001	1089000
R[364]	1089001	1092000
R[365]	1092001	1095000
R[366]	1095001	1098000
R[367]	1098001	1101000
R[368]	1101001	1104000
R[369]	1104001	1107000
R[370]	1107001	1110000
R[371]	1110001	1113000
R[372]	1113001	1116000
R[373]	1116001	1119000
R[374]	1119001	1122000
R[375]	1122001	1125000
R[376]	1125001	1128000
R[377]	1128001	1131000
R[378]	1131001	1134000
R[379]	1134001	1137000
R[380]	1137001	1140000
R[381]	1140001	1143000
R[382]	1143001	1146000
R[383]	1146001	1149000
R[384]	1149001	1152000
R[385]	1152001	1155000
R[386]	1155001	1158000
R[387]	1158001	1161000
R[388]	1161001	1164000
R[389]	1164001	1167000
R[390]	1167001	1170000
R[391]	1170001	1173000
R[392]	1173001	1176000
R[393]	1176001	1179000
R[394]	1179001	1182000
R[395]	1182001	1185000
R[396]	1185001	1188000
R[397]	1188001	1191000
R[398]	1191001	1194000
R[399]	1194001	1197000
R[400]	1197001	1200000
R[401]	1200001	1203000
R[402]	1203001	1206000
R[403]	1206001	1209000
R[404]	1209001	1212000
R[405]	1212001	1215000
R[406]	1215001	1218000
R[407]	1218001	1221000
R[408]	1221001	1224000
R[409]	1224001	1227000
R[410]	1227001	1230000
R[411]	1230001	1233000
R[412]	1233001	1236000
R[413]	1236001	1239000
R[414]	1239001	1242000
R[415]	1242001	1245000
R[416]	1245001	1248000
R[417]	1248001	1251000
R[418]	1251001	1254000
R[419]	1254001	1257000
R[420]	1257001	1260000
R[421]	1260001	1263000
R[422]	1263001	1266000
R[423]	1266001	1269000
R[424]	1269001	1272000
R[425]	1272001	1275000
R[426]	1275001	1278000
R[427]	1278001	1281000
R[428]	1281001	1284000
R[429]	1284001	1287000
R[430]	1287001	1290000
R[431]	1290001	1293000
R[432]	1293001	1296000
R[433]	1296001	1299000
R[434]	1299001	1302000
R[435]	1302001	1305000
R[436]	1305001	1308000
R[437]	1308001	1311000
R[438]	1311001	1314000
R[439]	1314001	1317000
R[440]	1317001	1320000
R[441]	1320001	1323000
R[442]	1323001	1326000
R[443]	1326001	1329000
R[444]	1329001	1332000
R[445]	1332001	1335000
R[446]	1335001	1338000
R[447]	1338001	1341000
R[448]	1341001	1344000
R[449]	1344001	1347000
R[450]	1347001	1350000
R[451]	1350001	1353000
R[452]	1353001	1356000
R[453]	1356001	1359000
R[454]	1359001	1362000
R[455]	1362001	1365000
R[456]	1365001	1368000
R[457]	1368001	1371000
R[458]	1371001	1374000
R[459]	1374001	1377000
R[460]	1377001	1380000
R[461]	1380001	1383000
R[462]	1383001	1386000
R[463]	1386001	1389000
R[464]	1389001	1392000
R[465]	1392001	1395000
R[466]	1395001	1398000
R[467]	1398001	1401000
R[468]	1401001	1404000
R[469]	1404001	1407000
R[470]	1407001	1410000
R[471]	1410001	1413000
R[472]	1413001	1416000
R[473]	1416001	1419000
R[474]	1419001	1422000
R[475]	1422001	1425000
R[476]	1425001	1428000
R[477]	1428001	1431000
R[478]	1431001	1434000
R[479]	1434001	1437000
R[480]	1437001	1440000
R[481]	1440001	1443000
R[482]	1443001	1446000
R[483]	1446001	1449000
R[484]	1449001	1452000
R[485]	1452001	1455000
R[486]	1455001	1458000
R[487]	1458001	1461000
R[488]	1461001	1464000
R[489]	1464001	1467000
R[490]	1467001	1470000
R[491]	1470001	1473000
R[492]	1473001	1476000
R[493]	1476001	1479000
R[494]	1479001	1482000
R[495]	1482001	1485000
R[496]	1485001	1488000
R[497]	1488001	1491000
R[498]	1491001	1494000
R[499]	1494001	1497000
R[500]	1497001	1500000
R[501]	1500001	1503000
R[502]	1503001	1506000
R[503]	1506001	1509000
R[504]	1509001	1512000
R[505]	1512001	1515000
R[506]	1515001	1518000
R[507]	1518001	1521000
R[508]	1521001	1524000
R[509]	1524001	1527000
R[510]	1527001	1530000
R[511]	1530001	1533000
R[512]	1533001	1536000
R[513]	1536001	1539000
R[514]	1539001	1542000
R[515]	1542001	1545000
R[516]	1545001	1548000
R[517]	1548001	1551000
R[518]	1551001	1554000
R[519]	1554001	1557000
R[520]	1557001	1560000
R[521]	1560001	1563000
R[522]	1563001	1566000
R[523]	1566001	1569000
R[524]	1569001	1572000
R[525]	1572001	1575000
R[526]	1575001	1578000
R[527]	1578001	1581000
R[528]	1581001	1584000
R[529]	1584001	1587000
R[530]	1587001	1590000
R[531]	1590001	1593000
R[532]	1593001	1596000
R[533]	1596001	1599000
R[534]	1599001	1602000
R[535]	1602001	1605000
R[536]	1605001	1608000
R[537]	1608001	1611000
R[538]	1611001	1614000
R[539]	1614001	1617000
R[540]	1617001	1620000
R[541]	1620001	1623000
R[542]	1623001	1626000
R[543]	1626001	1629000
R[544]	1629001	1632000
R[545]	1632001	1635000
R[546]	1635001	1638000
R[547]	1638001	1641000
R[548]	1641001	1644000
R[549]	1644001	1647000
R[550]	1647001	1650000
R[551]	1650001	1653000
R[552]	1653001	1656000
R[553]	1656001	1659000
m	1659001	1662000
sdhet	1662001	1665000
sdsp	1665001	1668000
